100
3
10 9 12 
3
5
13 11 18 5 5 
5
11
1 16 12 9 1 5 16 16 16 6 10 
3
17
13 2 6 20 1 8 2 19 6 10 7 17 14 17 14 5 12 
3
17
7 18 20 8 17 17 8 10 14 2 20 4 4 20 5 6 2 
1
11
16 7 19 12 7 19 10 8 18 8 2 
3
8
15 18 19 13 1 14 2 4 
6
13
4 5 14 17 11 12 16 9 11 13 13 18 4 
7
10
14 3 2 9 3 9 10 17 3 13 
6
2
5 4 
2
5
11 19 12 11 10 
5
2
5 16 
2
20
11 5 5 13 1 12 4 4 4 16 1 6 13 16 5 16 18 15 3 17 
2
18
19 6 8 1 20 1 13 1 6 2 1 6 3 15 17 14 17 12 
2
6
12 3 9 20 8 13 
2
3
6 7 4 
3
11
2 11 5 4 18 5 10 20 7 20 2 
2
15
2 8 11 5 6 1 18 4 11 9 8 11 14 9 6 
3
17
18 6 13 18 1 3 19 4 15 16 2 20 3 18 2 17 18 
3
13
17 9 11 11 15 7 19 11 14 15 9 3 19 
3
20
17 8 15 14 14 2 6 4 4 12 12 3 10 11 16 18 14 5 12 8 
2
14
9 12 10 12 19 4 11 9 7 16 12 11 6 4 
1
15
6 2 19 1 15 2 6 12 14 1 5 13 20 18 14 
5
9
19 4 16 2 17 11 11 16 9 
4
5
9 12 15 18 1 
5
14
5 1 15 7 17 20 20 20 8 16 4 13 4 6 
4
11
17 16 14 4 8 4 14 14 15 5 11 
6
10
4 17 15 20 9 20 1 18 4 6 
3
16
16 2 13 19 14 8 12 10 19 10 12 18 9 15 1 7 
2
13
9 1 20 5 5 2 7 16 7 20 6 14 14 
3
7
13 1 5 6 7 7 20 
5
6
15 13 6 20 2 4 
6
3
2 4 19 
0
1
11 
1
5
9 1 4 15 5 
3
13
8 6 7 8 9 3 8 12 12 5 11 20 20 
4
14
2 8 11 14 2 13 2 15 14 10 20 5 16 12 
2
20
4 17 11 9 8 7 5 2 20 16 5 7 4 14 17 14 20 11 14 1 
2
4
2 18 1 20 
1
4
14 8 11 9 
4
16
7 1 10 6 3 15 10 13 9 13 7 6 19 11 3 6 
5
17
14 9 17 9 19 11 4 15 20 16 3 9 18 5 10 3 18 
2
13
2 6 12 12 5 8 20 16 20 16 5 9 5 
4
7
8 11 11 18 10 10 8 
7
17
6 1 4 18 8 2 4 3 8 8 13 4 5 19 11 3 1 
1
20
17 16 6 4 1 16 14 11 5 4 5 1 2 1 11 6 12 2 16 16 
2
17
11 20 20 5 14 11 10 17 1 18 8 2 9 10 1 3 14 
3
14
13 5 12 7 12 16 3 14 6 12 3 17 16 14 
0
6
8 15 10 18 14 14 
6
4
20 13 16 4 
4
3
16 20 11 
3
13
17 5 16 20 3 3 1 8 13 19 3 18 8 
7
10
6 19 18 20 13 20 1 8 3 2 
3
14
5 11 19 11 1 8 6 7 9 16 12 6 6 17 
1
13
1 20 2 14 1 20 19 16 18 12 6 19 3 
8
20
20 17 15 2 9 10 13 7 7 14 2 13 11 18 4 10 20 11 16 20 
2
16
6 13 9 17 19 11 4 18 1 3 7 13 11 12 13 1 
2
4
16 18 7 10 
4
15
1 3 19 10 7 5 2 7 19 16 14 16 6 15 2 
2
7
4 2 4 13 5 1 15 
0
7
18 15 13 13 3 9 10 
7
18
16 2 11 3 1 9 12 13 12 8 13 20 12 6 19 6 6 8 
1
12
18 16 7 18 8 11 16 10 1 9 1 1 
2
8
1 16 16 11 18 16 2 17 
6
1
16 
1
19
8 1 8 17 7 17 8 16 8 1 20 2 11 5 12 6 7 2 16 
2
6
11 20 14 14 16 14 
6
17
18 19 17 18 15 20 16 2 19 6 4 19 2 18 13 5 7 
9
6
3 10 15 10 7 5 
2
7
7 19 7 9 10 10 13 
7
4
6 18 19 18 
4
2
4 18 
2
12
11 12 19 17 13 2 8 6 5 2 9 14 
0
11
15 12 11 6 18 9 20 13 7 18 11 
4
6
1 9 4 7 8 8 
4
17
10 9 11 6 13 10 1 12 12 5 7 13 2 4 14 19 12 
3
13
13 4 16 15 6 14 12 18 4 13 1 20 4 
3
6
12 14 14 8 16 6 
6
1
6 
1
3
1 1 2 
1
8
1 20 19 10 6 17 13 5 
6
14
5 2 18 5 11 13 1 8 10 7 12 13 8 18 
6
2
16 8 
2
2
7 17 
2
15
16 13 18 3 17 7 7 17 6 3 14 2 16 16 4 
1
11
7 15 1 7 15 18 15 15 17 1 5 
1
17
16 9 15 2 5 3 13 18 20 7 4 15 20 8 13 4 8 
0
13
5 5 17 7 7 7 1 1 12 14 2 15 10 
2
16
16 13 13 16 15 1 2 18 7 15 4 19 5 19 3 3 
2
15
13 18 6 6 4 19 16 6 1 14 10 6 6 13 2 
1
19
12 18 1 19 16 20 4 14 16 18 3 19 15 1 5 18 16 8 12 
4
17
16 12 19 15 13 13 10 5 5 1 18 5 16 8 3 19 17 
0
18
1 12 6 2 20 7 1 9 16 13 14 18 14 20 18 11 8 3 
3
7
5 19 16 18 4 14 2 
1
16
19 11 14 20 3 18 8 8 19 9 20 8 16 17 3 12 
4
14
2 9 5 20 14 14 9 5 18 1 8 7 17 8 
4
14
7 17 3 19 14 4 9 15 10 1 15 11 8 3 
4
8
9 15 14 16 5 15 3 13 
8
6
6 20 20 3 1 11 
4
8
4 7 2 19 10 4 20 16 
3
